0.0077106373674629
1.856168117511
0.007131791963994
4.8867065245767
0.0075308368676017
0.0075113392974331
0.0078334739412131
0.0077421131206551
0.0073654951335139
0.0073549402378409
0.0075244206187487
0.0074155959075985
4.6207474927417
0.0073909349455766
0.0074010842904302
0.0070308050204369
0.0077383768501092
0.0077654986321996
0.007325099695878
0.0075829557431938
0.0073534361119902
0.0071681104530372
0.0073514919235957
0.0074453103933189
0.0073772937862351
0.0071282723997123
0.0071159245174301
0.0073906057738364
0.0075528126683946
0.0076746052814957
2.9175271624157
3.1883587442048
0.0073882097029034
0.0077095069098639
0.0072698780694379
0.0075174611152414
0.0080099657866144
0.0077914221525331
0.0069084034619786
0.0073196704047197
0.0075475606596779
0.0075456625513286
0.0078643268597482
0.0074856032115516
0.0077531611519657
0.0079872087636554
0.0074291962518426
0.0076331908791296
0.0074000877762711
0.0070853143136408
0.0070140959888617
0.0071686741154229
1.2123912015356
0.0078197021866972
0.0077877781864585
0.0080421635817973
0.0074897404159711
0.0075939988911525
0.0074455029918169
0.0070702632314713
0.0070589460334312
0.0075945269856929
0.0073007899434077
0.0073629556165196
0.0075929145887406
0.0076881721332287
1.2898904206107
0.0078076839458499
0.0077143813134239
0.0077958705214883
0.0071371583918418
0.0077118165445625
4.5455856751935
0.0071862942243742
0.0079428821676501
0.0071053896498286
0.0075098855379628
0.0076778698774955
0.0072018729594461
0.0075879358390782
0.0075389163092897
0.84447549683409
0.0069407026474357
0.0078512723753683
3.7886667510939
0.0070480703319577
0.0070982011107661
0.0072154683713759
5.096124088241
0.0073465207762734
0.0074792739697441
0.0071886653718274
0.0076285247680917
0.0073252238117747
0.0074418772376939
0.0076799785419764
0.0077706114488501
0.0070250319524335
0.0071606103467522
0.006737765521005
0.0072573188199936
0.0078262767811131
0.0077567197091952
0.0071701796895287
0.33602164270747
0.0075039804964741
0.0073654465837565
0.0067664242520687
0.0069570374075578
0.0068693603595876
0.0075692824173995
0.0078287431839102
0.007583188335698
0.007375343041431
1.2157150763906
4.1727223806174
0.0074229309002867
0.0073598110690281
0.0070865138406767
0.0070063224168616
0.0073346290259831
0.0072484298191194
0.0071946671199461
0.0074917468026481
0.0072741067681838
0.0073306099917777
0.0077342560638442
0.00699057547482
0.0075390678994601
0.0071878056001188
0.0069736490609823
1.3045759914936
0.0068274845903654
0.0077351361693796
0.0074107834323733
1.2198959266824
0.0077212154994
0.0073668375135619
0.0077200853467222
0.0077216678548287
0.0071884320400568
0.0072836218662784
0.0075330834365831
0.0073005629947208
0.0072367916096928
0.0074114244636176
0.007844110729139
3.314895045556
0.0080573088702036
3.7898597339745
0.0077072090943252
0.0077468990268488
0.0071015520360067
0.0076621151779698
0.0075612410487949
0.034452697070324
0.0071870515903994
0.0074848909417091
0.0075668746710607
0.0072235619655195
0.00811158165625
0.0072974230550627
0.007614665409021
0.0072295400633312
0.0066942217835826
2.7434890648948
0.0073306383315935
0.0073492466138839
0.007738309844221
0.0069363040572034
0.0067696145043269
0.0072962482738066
0.0067830493283796
3.4212055657348
0.007235912374822
0.0072337720400195
0.0072799688000212
0.0078934139899933
0.0074935568390455
0.0072388491133529
2.775133881497
0.0078619857560014
0.0070917579033633
0.0075593825618692
0.0074312650571979
0.007077403747887
0.0075344022559628
2.5996950514261
0.0067138189080483
0.0079484840972872
0.0072265752136906
0.007261672805298
0.0075293310596228
0.0072743649756578
0.0074787260259858
0.0074143708410581
0.0069494825539906
0.0074630052393363
0.0075683314066665
0.0076655247981982
4.7585308253024
0.0078436764718862
0.0070525470222454
0.0074286599451789
0.0076912677654862
0.0078323106162524
2.1882284334115
0.007554664419243
0.0073689100508987
0.0072807778965013
0.0077406095044688
0.0073272028580092
0.0073679636133734
0.007293337686181
0.0075305796369404
0.0068972433929785
0.91741727743076
0.0074976090798143
0.0076202138580245
0.0075849493470461
0.0072491151278268
0.0077107555185847
0.0072232436519854
0.0073311439621397
0.0071948183902482
0.0073824088589392
0.0072570269378849
0.0070362062031997
0.0075457490751923
0.0074657234362226
0.0076243471177643
0.0079389628022705
2.9807977828094
0.007270011508461
0.0074036205022238
0.0075311310331654
0.0074836552144633
0.0077959360776519
0.0076300935282155
0.0075222352521071
0.083852456188249
0.0076728109917778
0.0074662978324204
0.0070471055516181
0.007704367005842
0.0071612570814713
0.0072397457126249
0.007510293016436
0.0072784726016679
1.159750236355
0.0076314343487567
0.0070769400029489
0.007619620986336
0.0080651984841434
3.1521333599841
4.1035843497548
0.0068896013167401
0.0076222356754807
0.0082089653452885
0.0073423234614052
0.0069029581619386
0.0074267885254356
1.8026370231776
0.0077828873943482
0.0077287180278569
4.3345467878473
0.0074922764660464
0.0075445787241904
0.0075389657742299
0.0079902646269757
0.0075555834491493
0.0075784590869198
0.0074671328336698
0.0075340074673522
0.0074775247040683
0.0078679033524949
3.369121363823
0.0075077623210169
0.0075407223521864
0.0073222729981881
0.0078428905693338
0.0069504843020959
0.007528358891966
0.0073657990007543
0.007528849929791
0.0071994236167145
0.0070330776540084
4.9856570532028
0.0072907590841926
0.0071989616112241
0.0077262747738981
0.0074831937552746
0.0078105128952701
0.0077538635372379
0.95513143726687
1.0761812393997
0.0074248317164378
0.0070645951647545
0.0071780511333546
0.007595085802772
0.41581000552172
0.0069530669317755
0.0073749095323707
0.0073460273532867
0.0077956386498855
0.0075837292826344
0.0073090530007544
0.0076569925885379
0.0070383412861884
0.0078756624823334
0.0072100933817777
0.0073718257700478
0.0081279147339837
0.0078686467572468
0.0074563658693945
2.2917101478592
0.0072703109558162
0.0076868262760388
0.0071453255062498
0.00752893429249
0.0070165575851093
0.0079168754679837
0.0074486251308565
0.0074959907707358
0.0076383891741306
0.0082475987368622
0.0077613699808696
0.0076814121186255
0.0070964581367568
0.0069931287745756
0.0073838230176068
0.0075954060297695
0.0076924265239823
0.0082339184609492
0.006992602321118
0.007591418078725
0.0080715256027554
0.0070788291118033
0.007228342679517
0.0074787173416181
0.0074061498399626
0.024297184765018
0.0076737464853921
0.0074583110260558
0.0079631205755307
0.0072130826272206
1.9315905862392
2.315414370816
0.0071440853919565
0.0078316648794877
4.7540864171019
0.0074638808419352
0.021308927579064
0.0075466807214607
2.0087525221653
0.0068058261406569
0.0068351500884741
0.0076251902979966
0.0069540962528349
0.0073340936176139
0.0074846807205434
0.0070678996139211
0.0074681454559125
0.0070721654954782
0.0072871666423919
0.0073276503403193
0.0073467894500862
0.0073799365348101
0.007805633534318
0.0072595852572029
0.007556663394077
0.0073495250430792
0.0073712341823798
1.3473717057355
0.0077584734897129
0.0075308675381906
0.0076334587361413
0.0075928502382102
0.0069185676679828
0.0080144119848458
0.0076356753146609
0.007555330221601
0.0076327530259452
1.4737498671955
3.7980930535288
0.0074015865626643
0.0076846631867495
0.0075353628739598
0.007709975242529
0.0081917321553476
0.0076111161377993
0.0072293110510913
0.0069463158467474
0.0077574846394495
0.0076507434716199
0.007469007766342
0.007348651889758
0.0073819159245779
0.0075366637626719
0.0073380457270973
0.0073795666760794
0.0074100140347899
0.0070897088143696
0.0074557830767134
0.007732191560463
0.0068604999120697
0.0071978874921498
3.062039646269
0.0075817939990144
0.0076060535356551
0.0078948478000908
0.0079470398889466
0.0075700765974874
0.0076943588373962
0.0072651545926871
0.0081393674929662
4.6367175596139
0.0071543909951259
0.007335799047966
2.6161952623165
0.007368762083615
0.0070403913492162
0.0073970868078721
0.0075593158687252
0.0074939267609272
0.0073477920689739
0.0073824986724383
0.0076911034973501
0.007737666032827
0.0074151826783141
0.0073736636606667
0.0071109888654406
0.007202664943306
0.007262919728733
0.007481334360476
1.119493280622
0.0083614244532118
0.0076301735026906
0.0074848805588656
0.0074157287454143
0.0073070401813124
0.007489227761935
0.0074161191912299
0.0071991026353517
0.0074502724918442
0.0076644153129918
4.7867318458199
0.0073763328490165
0.0072284780334491
0.0080709809974706
0.0070384114706536
0.0077596874985783
0.0075476886144911
0.0077736055323803
0.0077094484365125
0.0074124381419486
0.00744833068734
4.446095674764
0.0077037118123639
0.0069400620267892
0.0073764734198379
0.0074066261991547
0.0073094588910863
0.0072690621457658
1.0595619342274
0.0072432679332804
0.0075546134046633
0.0076184762888693
0.0073791771544974
0.0076158017220624
0.0075884776909133
0.89765852627655
0.0072888885318997
0.0074979105286195
0.019312922161791
0.0078345646616158
0.0077406076942909
0.00706576950665
0.0075874652891405
0.0073031368000898
0.0073942198035073
0.0078005980835524
0.0076340467231032
0.0076222146625572
0.0073559123234915
0.0073273779406081
0.0075397919519182
4.8444125074492
0.0082845921728227
0.0075222522543171
0.0074649251332763
0.0081581885048427
0.0075499532263771
0.0077892239230167
0.0077413176518292
0.0071334790150899
0.0078424470630265
0.0076891122073386
0.0070330166922502
0.0072780835488266
0.0073610656835203
0.0074081032877253
0.007187716240521
0.0072774429929472
0.0073989820446883
0.0072658092031575
0.0075173600366058
0.0074119033646729
0.0074911718875486
0.0071684310724876
0.0069746387998309
0.007736586516384
3.8268630117024
0.0077049572517687
0.0076786076972066
0.0076904038877273
0.0079369130937743
0.0070356780910632
1.9166491105236
0.0075203997413173
0.006881995369767
0.0075637096005003
0.0073632365649647
0.0075652091887654
0.92151667952245
0.0076502078281233
0.0076733824261551
0.007610079010314
0.007034250700085
0.0076027012631144
0.0076267088176863
3.2559787769038
0.0071079516728087
0.0071634429399163
0.0075291363835963
0.0069939720157838
0.0075530609510564
0.0070000628373128
0.0069833336443921
0.0077755865584551
0.0072801801565918
0.0078552327917572
0.0076026415355393
0.006977446132535
0.0079945524540541
0.0073079399062426
0.0072812257720032
0.0076402739709362
0.0072519462988218
0.0078910547597221
0.0079266018858254
0.0075638437300585
0.0072129853091659
0.0074356635115898
0.0073769007841012
0.007197107175788
0.0077314395310619
0.0074439244528763
0.0072610451141804
0.0076961010043083
0.0078760414828812
0.0072559275718738
0.0072842275063776
0.0076822067593461
0.0066670333981147
1.7015440561886
2.484660548569
4.4489563133018
0.87480172239308
4.4661837025214
0.0073517321331804
4.4225274915343
0.0076095727031313
0.0071605922407221
1.6485358145744
0.0071760431751249
0.0075004394164416
0.0072364087199064
0.0074079854556818
0.0077085117721559
0.0076736367397858
0.007380177666901
0.0072538528550126
0.0072649280025833
0.0084426818361567
0.0079996865375726
0.0073522162144308
0.0069983962487507
0.0073909606516688
0.0075120497657079
0.0076839416295001
0.0073585556022836
0.0075764302058422
5.2351373091051
0.0076051772665987
0.0071159854686402
0.0067247978592673
0.007852040968854
0.0072039317913515
0.0077376160271748
0.0075344057300522
0.0069021184199238
0.0070307939434672
0.0076704151158526
1.7848420978078
0.0075345761668957
0.0076313472465281
0.0073079469866332
0.0079589245527522
0.0072903059093967
2.8626986807
0.0076355245591598
0.0071151233574758
0.0074147870646326
0.0074625252178941
2.5528392746187
0.0076514455025929
0.0078028578278169
0.0079768649720946
0.0074864765290997
0.0073145481242331
0.0072623057025993
0.0074224845463409
0.0070248551188173
0.0077862374110375
0.0074529726125403
0.0070671760143595
0.0077103448931637
0.007107171162445
0.0078580709104842
0.0072383750908763
2.0638964840504
0.0076027415917254
0.0073077804757557
0.008246076873223
0.0074522449208901
0.0081016554252065
0.0074409993601418
3.3890297274356
0.0074542439359349
0.007834643096525
0.0072483897297272
0.0076966889003192
2.3305537565107
0.0074200767950767
3.698792656709
0.0072984513277214
0.0073922292832584
0.0077849102202774
0.0074307387811507
0.0076715354333055
0.0073549843528981
2.5932589597709
1.9143355718024
0.0081387831324966
0.0076259215816321
0.0074569355842978
0.0075198612411709
0.0071961042956113
0.0070816591658494
0.0071941047090428
0.0072290899617638
0.007402045714233
0.0076832069635596
0.0075862363635088
0.0078823542513049
0.0073083357923477
0.007286590075782
2.1683100694216
0.0078499788144484
0.0073668677885057
0.0080761380806661
0.0078128352926748
0.0075581536705087
0.0072566052431985
0.0068055677290009
0.0073760753054068
0.0076316924533804
0.0071735328799323
0.0072197302116849
0.0082709050521603
0.0073219270010755
0.0067585820540982
0.0074086136263941
0.0073402279145025
0.0077722549745839
0.0075125251038048
0.0074320858114231
0.0073235681466436
0.0082661537835875
0.00715378935126
0.0073211438803566
4.6870371052835
0.0071851697795326
0.0076672068837823
0.0075281100250413
0.0075706486638398
0.0077677461207183
0.0078205307891869
0.0073672023906096
0.0072844260063289
0.0075125732870566
3.1853716513241
4.1887826433874
0.0077297135017067
0.0082906573762478
0.53651094315036
0.0074919548588354
0.0074438404575923
0.0075680274802898
0.0073293973893462
3.9286951119827
0.007836138913877
0.0078614330575671
0.0074957363080617
3.4559063558437
3.5466133133586
0.0074885321046535
0.0075748188268022
0.0071722974951496
1.9297539628708
0.007243548674788
0.0070895202337621
4.0406610419563
0.0074385904474024
0.0075048828583169
0.0076764990634842
0.0073276708076767
0.0079844589361851
0.0075701646670193
3.4745984940092
0.0075468887831022
0.0073024680722648
0.0074752621831367
0.007936615031042
0.0075466285654019
0.0075392326960744
0.0074893056158509
0.0072490361380696
0.0074563843198523
0.0075683498037793
0.0077351140279974
0.00710942895682
0.0079157298854216
0.0074135182600761
0.007527731500327
0.0077996412673429
0.0076282321584242
0.0072306627305965
0.0074472768927473
0.008043191865624
0.0076800823710519
4.5615280924181
0.0073370638593503
0.0075134359759068
3.7033895027946
0.0074301390030261
2.9346145680293
0.0068789503384804
0.0077997583161894
0.0075641819464736
4.2675744785149
0.0073294535232607
0.007311784147937
0.0076936518618407
0.0078420980156512
0.0074075026227119
0.007332338581881
0.0071377916198626
3.0666361531982
0.0075571991575585
0.0069281894742096
0.0074179611157468
0.0075599173503804
0.0070545513199016
0.0075022812611202
0.0073326300323855
0.0072154464405498
0.95137025559363
1.5336124003434
0.0072427509640336
2.0340180882456
0.0071751232425857
0.0078603963350708
0.0072629473442599
0.0071577450348411
0.0077158725992566
0.0071509191889437
0.007270427063637
0.007549896072175
0.007323191895668
1.0568029512598
0.0074038921765646
0.0077265793309688
0.0072998512331176
0.0070631407040688
0.0077779142482506
0.0070666578769878
0.0077230686350607
0.007949215930052
4.1827818430966
0.0069691762230111
0.0081036793350929
0.0079117374062695
0.007518888255345
3.8141144048261
0.0079815160502655
2.7297031860819
0.0072399993432738
0.0076846794330325
2.4945975577153
0.0072259409744076
0.0073556732819066
0.0071989319978561
0.0073872043469114
0.0074715148876967
0.0069236233071286
0.0074576615262411
0.00771623720003
0.0067880746286585
0.0070728713799715
0.0071241476872185
0.0076039653888188
0.0076043253917215
0.0070515494675531
0.0068028933721255
0.0076023804437464
0.0077179407287748
0.007661671947313
4.2923042413133
0.32069528053305
4.23895084385
0.0072615890623556
3.367195985664
0.0079094608055369
4.2969656586857
0.0071787317352414
0.0077948804451515
0.0076123336046676
0.0075965419182235
4.2990359977442
0.0079493549691051
0.0073663768083214
0.0080340284181455
0.0077800700840008
0.0075490096923504
0.0075012812301137
0.006808039911025
0.0072972342833436
0.0074458905018104
0.0079818678095957
0.0075420751854858
0.0070645189900805
0.007108849625882
2.3827575282079
0.0074709579688622
0.0073739647835282
0.0072270453022845
0.0078918100217497
0.0073663214193387
0.0076609910680367
0.0075492216009946
0.0074752196401538
0.007536780317754
0.0071449648080918
1.5052079539888
0.0077267182201617
2.1307034463141
0.0074068227955588
0.0074363807077792
2.8854751778316
0.0070228655280882
0.0073203964905224
0.0078289479583933
0.0075773806182964
2.1879486469641
1.9506304598728
0.0075636364785985
0.018491117777455
3.0815093001724
0.0072384416888604
4.171308488071
0.0073627132747092
0.0073158189272842
0.0068384496064524
0.0076680738300875
0.0074377732230533
0.0075030980068958
0.0078614997671639
0.0072418473918721
0.0078723937110299
0.0072634744227133
0.0076302054203915
0.0075004236366117
0.0073074839124591
2.2213181281943
0.0078416291811706
0.0075742694849598
4.0619519776174
0.0076024129243758
0.0071320542953185
0.0078216943005454
2.4988110794721
0.0074449546298925
0.0070481736815077
0.0076036536682264
0.0077990724169565
0.0075790705710194
3.5651081204063
0.0077847129898175
0.0080648815453804
0.007580626079675
0.0073586494193485
0.0073377313598499
0.0079906985741819
0.0071335317127657
0.0083707452338744
0.0070385950735379
0.0069815943008306
0.0076226241135189
0.0076535762154765
0.007696677385392
0.0071717636024726
0.0081571691848871
0.0072449193144164
0.0074320209384567
0.0072159566086831
0.96389825123983
0.0076592770789878
0.0078299618645414
0.0073904344057891
4.1650107515086
0.0078148429557073
0.0069801361550163
3.1904050519962
0.0070795648415378
0.0076649804480223
0.007452747426214
0.0073400416567379
0.0081355954341612
0.0076987614141331
0.0074884186589192
0.0070291840975567
0.0068728772902654
0.0071480654813994
0.0072974447774678
3.0560502943254
0.0074061763932575
0.0079102035258447
0.0073279072907173
0.0071924776793094
0.0073617652348516
0.0078125041383902
0.0074411475087055
1.8759111527946
0.0074376545988273
0.0071740903809294
3.2159155117783
0.0078314140385706
0.0072485208722306
0.0075322475762411
0.0074471367402663
0.0071863576550246
0.0073338524222291
0.0079303497342801
0.0068267462230792
0.008128673421839
0.0076774262430597
0.0073764426117514
0.32597240068213
0.0077723697545425
0.007267186350531
0.0074301763798571
0.007962339209889
0.0072695249753022
0.0073538366194531
0.0072822874870288
0.0074314539397635
0.0072059577783203
3.833911055496
0.0076304669195221
0.0068331234540987
0.0076987864578262
0.0063633019246066
0.0076803610672988
3.8502242773033
0.0072503010708731
0.0073035979156413
1.8537084945591
0.007628601366925
0.1879643546515
0.0070434413453231
0.0070241384704198
0.0074340533300035
0.0080240666320352
2.4753031862082
0.0074462692744753
0.0074983078784678
0.0077580508577093
0.007360144647963
